0.000000000000000000e+00 0.000000000000000000e+00 0.000000000000000000e+00 0.000000000000000000e+00 0.000000000000000000e+00 0.000000000000000000e+00 0.000000000000000000e+00 0.000000000000000000e+00 0.000000000000000000e+00 0.000000000000000000e+00 0.000000000000000000e+00 0.000000000000000000e+00 0.000000000000000000e+00 0.000000000000000000e+00 0.000000000000000000e+00 0.000000000000000000e+00
1.161317022252906783e-01 9.747777602417999343e-02 3.063073927049559178e-02 2.403250661905866406e-02 1.777882358302009316e-02 9.593481179316694363e-03 7.714064379435008230e-03 5.960249057885274628e-03 3.318047745693934302e-03 2.786378380809629543e-04 -3.312001242049156073e-03 -6.551162642878549137e-03 -1.766234529360766886e-02 -2.881703891662839093e-02 -5.571530821670461070e-02 -2.437890498294997127e-02
2.494682303026684450e-02 1.109037087714796754e-01 7.695014393998340918e-02 6.683370275750029343e-02 5.173120228053535580e-02 3.912754433121861525e-02 3.120307063764877348e-02 2.424590160039192047e-02 1.648008194700063128e-02 7.467975310312370378e-03 -6.321905303129130363e-03 -2.066154098296532973e-02 -5.649967298395974086e-02 -8.666536012454788274e-02 -1.517503288040505383e-01 -3.842692324263925763e-02
3.241895465706210854e-03 8.356937109518770834e-02 9.409653374129033077e-02 9.068816072199330225e-02 7.431113575891100387e-02 6.276989283033063138e-02 5.172594787682617545e-02 4.074294712930361106e-02 2.797631725684630172e-02 1.222012073961325183e-02 -1.099820292876023051e-02 -3.918164799579496038e-02 -8.792225923852710345e-02 -1.332835181043942607e-01 -1.548740477764940782e-01 -1.352346609250951355e-02
7.011238603620186102e-04 6.179328703343799079e-02 8.655129019933965884e-02 9.183049941545143313e-02 8.373521971180937495e-02 7.497981473621503912e-02 6.317835589144310537e-02 4.999137584723933880e-02 3.314853376757129211e-02 1.134741803703652636e-02 -1.941672376128871641e-02 -5.929555817316826266e-02 -1.078269535919229721e-01 -1.508725004728483643e-01 -1.328247209585435018e-01 -1.179648046198240874e-02
3.630975276343480478e-03 5.222516059103790576e-02 7.823279985728533170e-02 8.608055784123376519e-02 8.374066508842027690e-02 7.643739298205283472e-02 6.510932104368744033e-02 5.077112230088322992e-02 3.115363227552838538e-02 4.991536862844596530e-03 -2.953333894998847603e-02 -7.300004567014899137e-02 -1.141751220537586542e-01 -1.404117246835917265e-01 -1.022454319339263923e-01 -5.106664626595811170e-03
1.770769384823616711e-03 4.482166499010339922e-02 6.870302144490686436e-02 7.683795800060597148e-02 7.678578439094656261e-02 7.083755053291505843e-02 6.037647830186256004e-02 4.528076082431051197e-02 2.429212777990513369e-02 -3.622911800369330200e-03 -3.786147318825947017e-02 -7.631040400377681054e-02 -1.065645801797413528e-01 -1.136844162463769570e-01 -7.459354066948392648e-02 -1.721645003113133829e-03
1.574874517783584867e-03 3.789435496366200945e-02 5.785434095636331903e-02 6.606537562556255572e-02 6.662834654834923209e-02 6.137436227908567993e-02 5.136154048131044703e-02 3.620464699396901825e-02 1.552919673523799407e-02 -1.093774466519582128e-02 -4.125041504928061292e-02 -7.036991271122595981e-02 -8.915213887541463544e-02 -8.433488763296718982e-02 -5.142794124253854959e-02 -4.828137189820894549e-05
1.196866094990684361e-03 3.052591250529358008e-02 4.704961154148242647e-02 5.438380573209416341e-02 5.477269528936221099e-02 4.997760505279118942e-02 4.058879203158610727e-02 2.643482801158071951e-02 7.631755373880387203e-03 -1.501092693482564480e-02 -3.905100640877027379e-02 -5.879155424062609131e-02 -6.793235990897646126e-02 -5.930416592375739593e-02 -3.359475044281785144e-02 3.442651366409663484e-04
8.538714877952315865e-04 2.332707276818518638e-02 3.657835993106557659e-02 4.246144598258910080e-02 4.268395054622246138e-02 3.846902311066024982e-02 3.013776748692281390e-02 1.787590891518905239e-02 2.130219113142014457e-03 -1.562987080150868638e-02 -3.283078081898749973e-02 -4.516555073849272406e-02 -4.813428270605411841e-02 -3.976837044086786038e-02 -2.078615012593459932e-02 4.877086947104511123e-04
4.810756116250202948e-04 1.661187556072098517e-02 2.669865661364369258e-02 3.121825722197774447e-02 3.141063547838941761e-02 2.792874845149863339e-02 2.111065560166954999e-02 1.133936084809732472e-02 -7.286198855652072223e-04 -1.361136549510347585e-02 -2.492991243676384930e-02 -3.203508784096215783e-02 -3.207289824156461799e-02 -2.510693777621682277e-02 -1.211916670589047694e-02 4.647537928888130238e-04
1.931386756074495218e-04 1.072245385618342262e-02 1.792028365108376542e-02 2.127275339658602632e-02 2.148922629909096049e-02 1.890512246158652931e-02 1.390246737074166128e-02 6.839606705196092304e-03 -1.574696958266410662e-03 -1.016719185742782743e-02 -1.712901199852916514e-02 -2.083718554717028590e-02 -1.987896896701556518e-02 -1.459396786952250023e-02 -6.377323785398693844e-03 4.149019113863997976e-04
-3.393055098614446136e-05 5.938070033503951503e-03 1.066828190682843000e-02 1.295466095680525634e-02 1.319579885628017514e-02 1.156401420827991161e-02 8.391424400157726157e-03 3.919414328543569491e-03 -1.284656922432149450e-03 -6.412983250935682528e-03 -1.035068059482173453e-02 -1.206878049424328463e-02 -1.099236638015853133e-02 -7.446762259187224633e-03 -2.654289770486077497e-03 3.585530539776652812e-04
-1.758267015348111389e-04 2.507434097789361035e-03 5.195865774321220022e-03 6.476376533300257088e-03 6.680742442639429381e-03 5.872868544342565653e-03 4.281056558741611236e-03 2.023375531271786980e-03 -5.955962890264158592e-04 -3.123972138284467244e-03 -5.002561737765143235e-03 -5.676184300001352670e-03 -4.889419642976355201e-03 -2.921720039835328658e-03 -4.709498167362297745e-04 3.176628220935317809e-04
-9.363828567131729042e-05 6.026917922030922223e-04 1.608497452778354922e-03 2.029937298221652121e-03 2.119805402121152996e-03 1.881695931643363436e-03 1.417067034814440546e-03 7.502146962123065798e-04 -4.217566859499503700e-05 -8.103930865721790770e-04 -1.371463387437637594e-03 -1.546837298069568285e-03 -1.221517450852657814e-03 -5.266936669819993148e-04 3.230232151554771752e-04 2.005358774362167053e-04
0.000000000000000000e+00 -3.300056445985808201e-18 0.000000000000000000e+00 3.303330670394569626e-18 -3.303491295848656114e-18 0.000000000000000000e+00 0.000000000000000000e+00 0.000000000000000000e+00 0.000000000000000000e+00 0.000000000000000000e+00 -3.290943729700071854e-18 0.000000000000000000e+00 0.000000000000000000e+00 -3.292397543744659067e-18 0.000000000000000000e+00 3.293457880398867158e-18
