4.000000000000000222e-01 4.000000000000000222e-01 4.000000000000000222e-01 4.000000000000000222e-01 4.000000000000000222e-01 4.000000000000000222e-01 4.000000000000000222e-01 4.000000000000000222e-01 4.000000000000000222e-01 4.000000000000000222e-01 4.000000000000000222e-01 4.000000000000000222e-01 4.000000000000000222e-01 4.000000000000000222e-01 4.000000000000000222e-01 4.000000000000000222e-01
0.000000000000000000e+00 1.080557349868635324e-02 9.297582400289118587e-02 1.459875720223638151e-01 1.750632287857133984e-01 2.003591833877066408e-01 2.223118756623688186e-01 2.392956513085033043e-01 2.517535803913364956e-01 2.588095554267196285e-01 2.570923355443496816e-01 2.436544207448996802e-01 2.167158638712936292e-01 1.628524247975940975e-01 5.943456167625788683e-02 0.000000000000000000e+00
0.000000000000000000e+00 -4.474695857383786252e-02 -4.064378512379113184e-02 -7.006270954133354996e-03 2.732591373953005207e-02 5.997981332636283941e-02 8.821774255391372221e-02 1.108499805019337175e-01 1.285981957041013313e-01 1.403673070603541351e-01 1.436081583703510967e-01 1.343146934444200968e-01 1.062895678537363470e-01 5.691525473424486475e-02 5.129028092996642391e-03 0.000000000000000000e+00
0.000000000000000000e+00 -2.499018109848640326e-02 -3.254177725952587391e-02 -2.224586169117600404e-02 -7.394579586755991966e-03 8.595304693594584336e-03 2.496147986391134346e-02 4.013478466993703614e-02 5.168339926158494607e-02 5.733087217001303637e-02 5.501755491599456122e-02 4.156634578912589417e-02 1.628737543949073177e-02 -9.845065289973711775e-03 -1.796392955671600664e-02 0.000000000000000000e+00
0.000000000000000000e+00 -4.979265189133661069e-03 -1.532644819559830091e-02 -2.411477256733707969e-02 -2.405982234598308400e-02 -1.771421648059767415e-02 -9.985532070780315725e-03 -3.473300434250948913e-03 2.010870467204570872e-04 -3.522348929165194670e-04 -6.585555048556692402e-03 -1.955150866156477041e-02 -3.650842745704283021e-02 -4.488653960698953116e-02 -2.795304126630767869e-02 0.000000000000000000e+00
0.000000000000000000e+00 -5.820741105102801398e-03 -1.441446426978241525e-02 -2.144762507075601357e-02 -2.563891893061859620e-02 -2.831254626844219996e-02 -3.020583039043150606e-02 -3.222025371775567859e-02 -3.556950743344916566e-02 -4.158335900965152987e-02 -5.072991038648312634e-02 -6.032065883337599244e-02 -6.370148632194887195e-02 -5.135576367359559469e-02 -2.291590740172091273e-02 0.000000000000000000e+00
0.000000000000000000e+00 -3.335018442704316272e-03 -1.156273226262283585e-02 -2.146848100527933012e-02 -3.074760567022732233e-02 -3.882379799835482259e-02 -4.573054802477255487e-02 -5.256913271094821455e-02 -6.008186738033371305e-02 -6.809221125017632381e-02 -7.518089831290129810e-02 -7.756910343805167862e-02 -6.993043421649591806e-02 -4.728065688606825773e-02 -1.708394691470476595e-02 0.000000000000000000e+00
0.000000000000000000e+00 -3.786728235984394841e-03 -1.262047336293921178e-02 -2.327685664816161321e-02 -3.401108706831255934e-02 -4.433461074266357993e-02 -5.425569544997896343e-02 -6.386331921845944670e-02 -7.278823600784418979e-02 -7.991445297697274963e-02 -8.295415441216247299e-02 -7.828979657216095234e-02 -6.296851128213427906e-02 -3.774919710037599047e-02 -1.179239135223301461e-02 0.000000000000000000e+00
0.000000000000000000e+00 -3.741116237037391511e-03 -1.249853941186590024e-02 -2.349946293171555067e-02 -3.514530286180370111e-02 -4.663001992905359272e-02 -5.751583702723970376e-02 -6.725723865845252558e-02 -7.498964970912404271e-02 -7.926088744366202588e-02 -7.790128535996602988e-02 -6.870198364509032263e-02 -5.100932306179341985e-02 -2.838537132182543735e-02 -8.416974799852922420e-03 0.000000000000000000e+00
0.000000000000000000e+00 -3.683648946917775831e-03 -1.212378849122982064e-02 -2.279850362384763102e-02 -3.417062733453701817e-02 -4.527272993495547876e-02 -5.539366679732739274e-02 -6.377072039591591412e-02 -6.934436201507231112e-02 -7.067666240554093537e-02 -6.621633528316071826e-02 -5.520515453880733142e-02 -3.864288386008180032e-02 -2.029487989493279979e-02 -5.731040438913619604e-03 0.000000000000000000e+00
0.000000000000000000e+00 -3.263452201217340986e-03 -1.094342217368753610e-02 -2.072380082469325868e-02 -3.108330208520094021e-02 -4.101656399056484437e-02 -4.967092393614315482e-02 -5.615505322063402138e-02 -5.944206684169141969e-02 -5.849186484232884314e-02 -5.258888784965799756e-02 -4.192202998135494824e-02 -2.813313367820690844e-02 -1.422320044259386441e-02 -3.880108481677351385e-03 0.000000000000000000e+00
0.000000000000000000e+00 -2.719517783792353358e-03 -9.241211247776728865e-03 -1.760992071144359267e-02 -2.647447581350808113e-02 -3.483143238335776465e-02 -4.177588547354524340e-02 -4.643045957267345758e-02 -4.797570729316719129e-02 -4.580823788083406706e-02 -3.981435869638765002e-02 -3.063722200959899389e-02 -1.987270603809291117e-02 -9.762631615553143960e-03 -2.616842364061121827e-03 0.000000000000000000e+00
0.000000000000000000e+00 -1.965420568497960353e-03 -6.987019288694861982e-03 -1.364037501108706849e-02 -2.079631595330058702e-02 -2.748408534679766882e-02 -3.282964060771467046e-02 -3.606078435678189420e-02 -3.657653971703363899e-02 -3.408454717283154051e-02 -2.878603723803525513e-02 -2.147966195674226586e-02 -1.350176516249693322e-02 -6.460714725144655474e-03 -1.731038014805721600e-03 0.000000000000000000e+00
0.000000000000000000e+00 -1.095599750401579468e-03 -4.439433679110646631e-03 -9.173621798140020947e-03 -1.441300006321163778e-02 -1.933011353687614370e-02 -2.318990063876476271e-02 -2.537035356622979049e-02 -2.543913513765760567e-02 -2.327164930740555429e-02 -1.915495039949700884e-02 -1.382212189160215987e-02 -8.331275449101276098e-03 -3.803122159762505668e-03 -9.963121323388868765e-04 0.000000000000000000e+00
0.000000000000000000e+00 -5.974031473870818000e-05 -1.623730744760039325e-03 -4.340243540479036231e-03 -7.485239659595555560e-03 -1.046268263099013607e-02 -1.279460854374022544e-02 -1.409495640314316171e-02 -1.408464109164074204e-02 -1.268342232317342007e-02 -1.009763725543399646e-02 -6.843386227745537620e-03 -3.664591799430008331e-03 -1.304739156152666824e-03 -1.819969362240258734e-04 0.000000000000000000e+00
0.000000000000000000e+00 2.154141744322572748e-04 2.210855623819648784e-04 7.962873836757979615e-05 -5.041406022718846619e-05 -1.822945479216866462e-04 -2.904435487277786396e-04 -3.630340831497670001e-04 -3.766619318164584978e-04 -3.127001041735878988e-04 -1.804721523566669040e-04 -7.429539603455048503e-06 1.490765087310616380e-04 2.102596170768725040e-04 7.487840502079371515e-05 0.000000000000000000e+00
