4.000000000000000222e-01 4.000000000000000222e-01 4.000000000000000222e-01 4.000000000000000222e-01 4.000000000000000222e-01 4.000000000000000222e-01 4.000000000000000222e-01 4.000000000000000222e-01 4.000000000000000222e-01 4.000000000000000222e-01 4.000000000000000222e-01 4.000000000000000222e-01 4.000000000000000222e-01 4.000000000000000222e-01 4.000000000000000222e-01 4.000000000000000222e-01
0.000000000000000000e+00 1.956281300064676917e-02 1.020350801418496017e-01 1.060553234918030913e-01 1.368831124157483814e-01 1.795252075028502536e-01 1.902987715191471751e-01 2.069433086077262229e-01 2.262393987001463103e-01 2.301328563441279174e-01 2.153278154385283583e-01 1.985808723205643722e-01 1.788766012039476327e-01 7.748255618596834593e-02 -1.954720463868008656e-02 0.000000000000000000e+00
0.000000000000000000e+00 -6.881446810359004296e-02 -6.265867255382914780e-02 -8.349350490666426067e-03 1.288675398477527947e-02 5.747236369240691506e-02 8.953780391152725560e-02 1.131582271037429449e-01 1.320549339032691671e-01 1.415803017732477909e-01 1.490291849833368654e-01 1.583649588765449479e-01 1.358482909333941502e-01 9.886958095845084504e-02 2.334438999599868989e-02 0.000000000000000000e+00
0.000000000000000000e+00 2.279607492310901581e-02 3.572454630265631259e-02 4.339446500026366421e-02 5.939730655235230666e-02 7.810801951191946590e-02 8.972955043994652879e-02 9.738522036641715507e-02 9.361570493718181230e-02 8.092613710817113393e-02 7.660548485659550433e-02 5.567361579394666110e-02 3.758954094275004931e-02 8.535007745220442310e-02 5.401179944892017110e-02 0.000000000000000000e+00
0.000000000000000000e+00 9.046565450572471162e-03 2.333954971952724444e-02 7.748006423112357641e-03 1.678642998997438227e-02 3.893335866913631704e-02 5.461490492225980903e-02 6.524005032980009777e-02 7.060239505386133041e-02 6.892698950316009099e-02 5.445271860693796234e-02 4.525100562529012910e-02 2.238285858541947879e-02 -5.630650082394346619e-03 -3.808988196366193402e-02 0.000000000000000000e+00
0.000000000000000000e+00 -7.077906195806854366e-03 2.478266578933169002e-03 2.030999174857919115e-02 3.783295627089384300e-02 4.155923729146174250e-02 3.815185202429884764e-02 3.424134968951000196e-02 3.578051679939515950e-02 3.105737921802169399e-02 9.513548573468285155e-03 8.965623670287269087e-03 -3.387030368376007725e-03 -3.036972612048607911e-02 -3.279791730919423554e-02 0.000000000000000000e+00
0.000000000000000000e+00 1.534623424165287506e-02 1.502100025020945348e-02 4.848310391164133842e-03 -4.454982608119054804e-03 -7.707157937167329054e-03 -4.753568792151846730e-04 2.341688050216686034e-03 -3.268387578256828473e-03 -3.799625112320348819e-03 -5.233541434423726567e-03 -1.367184532998587387e-02 -4.396903345342161734e-02 -6.410955081759488194e-02 -3.719223215311174419e-02 0.000000000000000000e+00
0.000000000000000000e+00 -1.006681704829448867e-02 -1.732861418799340469e-02 -1.739716051085758372e-02 -2.039252351066115840e-02 -2.346848262438286717e-02 -2.332323197866441322e-02 -2.579765973886397751e-02 -3.335996647596577852e-02 -3.446914935085928361e-02 -3.989296329032612776e-02 -5.857484647398289446e-02 -7.144855727607861418e-02 -5.329129589428424629e-02 -8.910358776584668267e-03 0.000000000000000000e+00
0.000000000000000000e+00 -6.705753474433884817e-04 -8.653504586969935561e-03 -2.397799817780393514e-02 -3.774725019502995355e-02 -5.134169817139230124e-02 -6.469243985405842556e-02 -6.818041513892554584e-02 -6.749077473913972502e-02 -7.054844168366770918e-02 -7.958503394671399833e-02 -9.082146723953356260e-02 -8.736112990815773915e-02 -6.273676521647231219e-02 -2.374022864769145119e-02 0.000000000000000000e+00
0.000000000000000000e+00 -9.169073873379460574e-03 -2.704689400474338465e-02 -4.573650436922484241e-02 -6.188051854666697105e-02 -7.562319181215047814e-02 -8.738107708403627938e-02 -9.370596687729480789e-02 -9.883927730706607018e-02 -1.084677942013240887e-01 -1.149106126243730069e-01 -1.086928626232578909e-01 -8.048830386580339835e-02 -3.767821127019577859e-02 -6.161533701697385380e-03 0.000000000000000000e+00
0.000000000000000000e+00 -5.290013227678400098e-03 -1.870608657875419759e-02 -3.715567575492346314e-02 -5.833396365006169454e-02 -7.833253580898055790e-02 -9.642192172916094761e-02 -1.136175297865575778e-01 -1.246876451341696335e-01 -1.255774327428889059e-01 -1.164808640643339305e-01 -9.621628061135907573e-02 -6.893887404473163227e-02 -3.474750844243201797e-02 -8.748854404160170961e-03 0.000000000000000000e+00
0.000000000000000000e+00 -1.147470116523235072e-02 -2.613327645027345089e-02 -4.094344119139892851e-02 -6.060537983435505122e-02 -8.229021766941142790e-02 -9.850787874070256189e-02 -1.084123553946858137e-01 -1.130918325808569908e-01 -1.089880346379837051e-01 -9.664165382888190159e-02 -7.113337312948041224e-02 -3.958969040398481465e-02 -1.404468397667896218e-02 -6.924522075539550105e-04 0.000000000000000000e+00
0.000000000000000000e+00 -9.250786122668394097e-04 -1.116631576015578685e-02 -2.769657129459944522e-02 -4.296219483222957214e-02 -5.651753868153559096e-02 -7.012942525522118664e-02 -8.025094796139316256e-02 -8.321117161582501642e-02 -7.676055711398957482e-02 -6.181160650575773935e-02 -4.344834636588563309e-02 -2.446307450511798001e-02 -1.113527784451400285e-02 -4.538231872430937598e-03 0.000000000000000000e+00
0.000000000000000000e+00 -4.930315903592317507e-03 -1.162568934454856484e-02 -1.942375140907093289e-02 -2.922716777498558099e-02 -3.978693501359766016e-02 -4.937943277876461617e-02 -5.454076221371212396e-02 -5.213979152139719409e-02 -4.515098067437110091e-02 -3.195384022230494253e-02 -1.690389824365573154e-02 -5.307229410331008000e-03 4.108474690759981313e-03 5.294012747088183701e-03 0.000000000000000000e+00
0.000000000000000000e+00 7.081208040648319857e-04 -8.825712812044672270e-04 -4.963399036314802143e-03 -1.101890935275881729e-02 -1.794940051944391227e-02 -2.276065684787742516e-02 -2.429559370090959847e-02 -2.245282999301707882e-02 -1.754388798331395563e-02 -1.149249575299289561e-02 -4.878644660674228556e-03 -7.246561271806890034e-04 1.024575062052092992e-04 -1.405941294560207350e-04 0.000000000000000000e+00
0.000000000000000000e+00 7.433830522881024986e-05 3.240565283573811100e-05 5.988021301542629138e-05 3.637056266704421842e-04 -3.863333750987232298e-04 -6.369542849551609355e-05 7.549778966164166294e-04 -9.220963126987207197e-04 4.165375337250774531e-05 7.639214336391744612e-04 -3.169830560144995275e-04 4.271822929513478763e-04 3.515379959345140228e-04 7.471195030771695495e-05 0.000000000000000000e+00
