0.000000000000000000e+00 0.000000000000000000e+00 0.000000000000000000e+00 0.000000000000000000e+00 -1.571239174870046130e-17 0.000000000000000000e+00 0.000000000000000000e+00 -1.587445380027210754e-17 0.000000000000000000e+00 0.000000000000000000e+00 -8.288189546571545282e-18 0.000000000000000000e+00 1.650681289290407756e-17 0.000000000000000000e+00 0.000000000000000000e+00 0.000000000000000000e+00
1.283511753433434488e-01 2.816665618177226216e-02 1.501430402182279619e-02 6.121844592096821469e-02 -5.930244763196541218e-04 6.464957721511623359e-03 1.648480642596147905e-02 1.172185190455414311e-03 -4.275410351508064297e-03 -2.462304874288879803e-03 -7.445317096140170385e-03 -1.903966877665142637e-02 -4.700752675046078466e-02 2.218977297104672564e-02 -2.143225228587848641e-02 -5.407898835182367234e-03
-3.820112575237430419e-02 7.100214414203911972e-02 1.021176801903232040e-02 1.011863320633636237e-01 4.004145635589112517e-02 4.639671778518193040e-02 3.542610763010842212e-02 3.322350840127146626e-02 8.790180038550103950e-03 2.277830141187783125e-02 -3.007376775113400347e-02 -1.288069004684586896e-03 -1.014599674937932960e-01 -7.748604571296829890e-02 -1.796314487817979311e-01 -5.151573219046117863e-05
-3.262148361212420088e-03 5.448861400353517681e-02 8.841873762146147675e-02 1.039131630271908913e-01 6.973503241107471828e-02 7.129329960683460088e-02 5.071709679656610792e-02 3.418250905673613643e-02 1.077652025077555607e-02 1.071130831366476702e-02 -2.787148650495847174e-02 -9.527324398839047068e-03 -8.898389108335144626e-02 -1.178610814707179849e-01 -1.641184954118026229e-01 3.203916704475007898e-02
3.832629097853384841e-03 2.554691929350890942e-02 7.902890397213135909e-02 9.385772376373653636e-02 9.103210118406822315e-02 9.267690351732807419e-02 6.493475470408366368e-02 4.482160596891931331e-02 9.808523486542774367e-03 -1.158787014513572950e-03 -2.985074469099857283e-02 -5.653729838058203783e-02 -7.055242028584861325e-02 -1.593122892427201454e-01 -1.619518750607127633e-01 -3.820194126592955236e-02
4.558119597838809940e-03 5.925028424113137210e-02 1.017985453942729379e-01 1.112179282784363232e-01 1.114791100331630341e-01 9.726332302501769500e-02 6.488180085038422473e-02 4.698475680158109569e-02 9.292472344924041991e-03 -1.355521249154413056e-02 -3.544474054420930498e-02 -7.606013586810266014e-02 -7.836564180292464321e-02 -1.906722127201824768e-01 -1.541446116378037690e-01 -9.328205022324283918e-03
-5.389671444632930693e-03 6.500456176027064048e-02 9.119732889503219531e-02 1.026209847492237370e-01 1.080389002316168301e-01 9.828381602904411041e-02 6.940360818685568922e-02 4.586305039175707365e-02 9.063473426414413170e-03 -2.601076918870321927e-02 -4.025069844215258680e-02 -8.211178544344421848e-02 -1.248293089148970192e-01 -1.917057828997159596e-01 -1.382315847986392288e-01 5.724048309034417657e-03
4.620932187609023273e-03 6.265821030971287231e-02 8.830197338715314870e-02 1.062748409956736223e-01 1.099426257736031004e-01 1.011190576765278598e-01 7.238282788878597218e-02 3.922292490542599736e-02 6.998893383168474334e-03 -2.590952589785719407e-02 -5.283927104727182550e-02 -8.930178782915752789e-02 -1.551258137268649029e-01 -1.580655101690417730e-01 -9.649232480014345581e-02 4.216616078334882271e-03
-1.134747322180748331e-04 5.491842411408056485e-02 8.261821785059980661e-02 9.547375996469564807e-02 9.422785179349481288e-02 8.828995150381205304e-02 6.710871082024824630e-02 3.562762628089582301e-02 4.285618869432072063e-03 -2.405519015100899063e-02 -7.283357592551378823e-02 -1.044115402117832270e-01 -1.470711545332346049e-01 -1.233206231091971417e-01 -6.377155041695901916e-02 -4.083224078352105067e-03
6.673421664716032344e-04 4.635981778605056253e-02 6.481399821523065041e-02 7.740099492107907486e-02 8.220892024395481945e-02 7.926341507817913357e-02 6.219804895987030013e-02 3.521457552683320003e-02 -1.934464407591154293e-03 -3.234453002377731673e-02 -7.515404581929313599e-02 -1.062145167973464616e-01 -1.090083030511688755e-01 -8.897376094249516421e-02 -3.343307866762907504e-02 3.172880425615978977e-03
5.365668271236344886e-04 3.225523982211522811e-02 4.622247361757202133e-02 5.924718914056943675e-02 6.522283842922073360e-02 5.997747334750578446e-02 4.398533022591894631e-02 2.383466884389675439e-02 -7.279136658332733233e-03 -4.162038917977652769e-02 -6.288420955417617364e-02 -8.836203998550572203e-02 -7.309597659096600530e-02 -5.385171405947097867e-02 -1.351923713794931335e-02 1.002839958086472515e-03
5.273312456162018800e-04 1.954753183335081537e-02 3.163809038600792767e-02 4.008341216422715847e-02 4.282484674991498402e-02 4.005224728589928951e-02 3.001213071404159119e-02 1.257981074204487376e-02 -6.802549019538536336e-03 -3.560352833161541108e-02 -4.755969996348559381e-02 -5.404061622335634002e-02 -4.559902182963170708e-02 -2.235173613078884902e-02 -2.196103184918639459e-03 -1.914984820969309949e-04
-6.317176521502218013e-04 8.762086516834466376e-03 1.759657965619224052e-02 2.208886574803466465e-02 2.399006927081822477e-02 2.422661111619867427e-02 1.867347682355104468e-02 2.712487283650295063e-03 -9.843023963093630244e-03 -2.116654884359274458e-02 -3.390289741769605958e-02 -2.697833255733830815e-02 -2.398611441144989434e-02 -8.086661531973965075e-03 1.313731914631934483e-03 1.804157796294867690e-04
2.657325324095599303e-04 2.465175070181388050e-03 6.559326900471507994e-03 9.978668627217638504e-03 1.242922996055023134e-02 1.141345015393446967e-02 7.186551292430182723e-03 1.231721366704222834e-03 -8.175268127112236827e-03 -8.944318810089621832e-03 -1.533269445383820921e-02 -1.303838697508101323e-02 -6.735738072676801004e-03 -1.527298916691783529e-03 2.437329133125465310e-03 7.846969427278722032e-04
-3.515456759738828625e-04 -4.826835560871811041e-04 1.134981393252097520e-03 2.959179877954013892e-03 4.444600489709359808e-03 2.646253994842058012e-03 -9.740681337236510205e-05 2.707321440995223791e-03 -2.667993239868493138e-03 -4.406571333769621936e-03 -2.134797484861771302e-03 -5.442949056743960103e-03 -4.072360761822064329e-04 6.094877019870170460e-04 1.165389601548920016e-03 -6.388920579555925358e-04
3.986233930905737123e-18 0.000000000000000000e+00 -3.987358241797612306e-18 3.987269603847603825e-18 0.000000000000000000e+00 -3.990657688216003387e-18 0.000000000000000000e+00 3.991434832920232538e-18 3.991782050012280841e-18 3.982737336686645591e-18 3.991645402933183709e-18 3.991627447594692083e-18 -3.992657030844374097e-18 0.000000000000000000e+00 3.999509513950364317e-18 0.000000000000000000e+00
