0.000000000000000000e+00 -9.016968884145934730e-05 -2.808966723759006266e-03 -8.309748582767078132e-03 -1.623381725046348437e-02 -2.604504568631178102e-02 -3.705959833441386381e-02 -4.847866856331895652e-02 -5.951466837241600749e-02 -6.972620106532081974e-02 -7.962508381817999525e-02 -9.174341743991470954e-02 -1.124748069715165860e-01 -1.532170210382894915e-01 -2.084414504629438780e-01 0.000000000000000000e+00
0.000000000000000000e+00 9.016968884145934730e-05 2.808966723759006266e-03 8.309748582767078132e-03 1.623381725046348437e-02 2.604504568631178102e-02 3.705959833441386381e-02 4.847866856331895652e-02 5.951466837241600749e-02 6.972620106532081974e-02 7.962508381817999525e-02 9.174341743991470954e-02 1.124748069715165860e-01 1.532170210382894915e-01 2.084414504629438780e-01 0.000000000000000000e+00
0.000000000000000000e+00 2.405594773451307823e-03 9.944667407278550211e-03 2.251925547090084800e-02 3.955522478593400532e-02 6.016477105736173225e-02 8.314800394900856428e-02 1.070361826273580202e-01 1.302569053143641520e-01 1.514698609822505981e-01 1.701409273179572412e-01 1.870349345966618726e-01 2.035018644552250011e-01 2.138619869295980414e-01 1.683774036386291306e-01 0.000000000000000000e+00
0.000000000000000000e+00 4.142832391256127261e-03 1.486426246358358953e-02 3.139366093757076787e-02 5.298664181673941320e-02 7.869612923528689075e-02 1.072449516724644919e-01 1.368965734525863231e-01 1.655171542350968306e-01 1.907736596898054748e-01 2.104144304314158054e-01 2.222780847253404135e-01 2.225982756629485138e-01 1.985273252649022435e-01 1.175817640231237721e-01 0.000000000000000000e+00
0.000000000000000000e+00 4.940843848762169373e-03 1.701806904786072605e-02 3.491315590327730839e-02 5.783875188921890759e-02 8.497768878973525897e-02 1.151775509394103864e-01 1.466513715599304657e-01 1.768215821962730860e-01 2.024601455840669417e-01 2.199113183637619040e-01 2.251128638656298142e-01 2.123101847945111920e-01 1.700134654522703626e-01 8.573018183933255043e-02 0.000000000000000000e+00
0.000000000000000000e+00 4.936388133720534532e-03 1.664629021617656038e-02 3.365146834210457766e-02 5.533233926052706642e-02 8.124161051373426923e-02 1.105324935703880657e-01 1.415337242446541854e-01 1.714089769828809617e-01 1.962219492917976482e-01 2.113611227755226307e-01 2.118525009019988081e-01 1.918146047945030463e-01 1.433427074912905219e-01 6.551801803446112571e-02 0.000000000000000000e+00
0.000000000000000000e+00 4.222193521302010193e-03 1.390952458547369854e-02 2.789570694747402907e-02 4.598977795298769128e-02 6.832975326634435631e-02 9.462271912355198211e-02 1.235191564151551097e-01 1.521858335866271561e-01 1.762566865094144508e-01 1.904443355958980455e-01 1.892925914906763429e-01 1.673210374100911335e-01 1.196785912797690699e-01 5.119917725776284428e-02 0.000000000000000000e+00
0.000000000000000000e+00 2.784851403637756111e-03 8.866291022206250830e-03 1.777711281200610241e-02 3.001414564535659357e-02 4.642972001621210876e-02 6.751666421409251162e-02 9.257667521226960183e-02 1.191504441781434109e-01 1.428541653677855849e-01 1.579482850639799263e-01 1.584752827667290642e-01 1.391348098040969261e-01 9.698025511576333080e-02 3.943030323333400478e-02 0.000000000000000000e+00
0.000000000000000000e+00 6.458708350147268455e-04 1.781804700049470329e-03 3.854101770713101380e-03 8.119287646745208809e-03 1.617116198163284779e-02 2.941270631700749691e-02 4.821594967977219787e-02 7.108508118429823774e-02 9.423937947815605454e-02 1.118754600814326761e-01 1.173707143718323020e-01 1.049815337971493623e-01 7.248942698557696296e-02 2.803490326579161085e-02 0.000000000000000000e+00
0.000000000000000000e+00 -1.951658633033225660e-03 -6.514823891389531947e-03 -1.233084620289487746e-02 -1.764768871600607900e-02 -2.030755695120363066e-02 -1.800921331402930564e-02 -8.939497246576841652e-03 7.180811524390512401e-03 2.814990886431303907e-02 4.890296598985471865e-02 6.226720946630932840e-02 6.128309286769633574e-02 4.315926805744624978e-02 1.529937688903519090e-02 0.000000000000000000e+00
0.000000000000000000e+00 -4.458061005629239404e-03 -1.443245060823404764e-02 -2.797884987528921619e-02 -4.339565249115283352e-02 -5.846776021840522503e-02 -7.025943129959985600e-02 -7.538926016730533586e-02 -7.102047498554335536e-02 -5.641635713497123589e-02 -3.437281862619059186e-02 -1.159644327344823943e-02 3.374741022242090226e-03 5.489576220289166600e-03 -4.263612535196678165e-04 0.000000000000000000e+00
0.000000000000000000e+00 -6.109475015029230960e-03 -1.980870032213210424e-02 -3.925000666902783708e-02 -6.342989462041892512e-02 -9.086929242314878419e-02 -1.187477593100873946e-01 -1.425797033427142479e-01 -1.567422919673100989e-01 -1.562338470835287207e-01 -1.392350633854330111e-01 -1.092818484217377151e-01 -7.502546962931573582e-02 -4.529918784956970396e-02 -2.133001430221902542e-02 0.000000000000000000e+00
0.000000000000000000e+00 -6.202790290365686916e-03 -2.062621734724178965e-02 -4.226431369353646217e-02 -7.128731091162278377e-02 -1.077372589487751303e-01 -1.502037435051140624e-01 -1.946274418168197073e-01 -2.337670204025648624e-01 -2.582073663796978225e-01 -2.592707501589709418e-01 -2.328993983412345758e-01 -1.824834156530789619e-01 -1.180715794528087864e-01 -5.167954865514505502e-02 0.000000000000000000e+00
0.000000000000000000e+00 -4.506968625677339017e-03 -1.614558959966988852e-02 -3.504890485104473347e-02 -6.242417091370282278e-02 -9.998519391700831649e-02 -1.489062308450916083e-01 -2.080747741956266439e-01 -2.720734042730383329e-01 -3.300851190067773944e-01 -3.672421759508369687e-01 -3.686098392789619593e-01 -3.240335348216432654e-01 -2.319870614550705590e-01 -1.057550521912796471e-01 0.000000000000000000e+00
0.000000000000000000e+00 -1.644041130504135658e-03 -7.972434385563564180e-03 -1.980738048016939673e-02 -3.841238887189789286e-02 -6.597993741752632146e-02 -1.055571582051516855e-01 -1.601348452608580275e-01 -2.305190891097829153e-01 -3.120464009588871379e-01 -3.918787742596778201e-01 -4.494651544488796335e-01 -4.599550021652828447e-01 -3.971706927019323374e-01 -2.374428914533615043e-01 0.000000000000000000e+00
0.000000000000000000e+00 7.038225314577189768e-04 -3.390740991775859298e-04 -3.633921677573108758e-03 -9.473213322391984062e-03 -1.870865397225969159e-02 -3.303145024913633349e-02 -5.516273902313491295e-02 -8.899882390170357760e-02 -1.391630050906249305e-01 -2.086243139038362060e-01 -2.935749836492916320e-01 -3.772977541848971939e-01 -4.242309255512298760e-01 -3.629786124408695969e-01 0.000000000000000000e+00
0.000000000000000000e+00 -7.038225314577189768e-04 3.390740991775859298e-04 3.633921677573108758e-03 9.473213322391984062e-03 1.870865397225969159e-02 3.303145024913633349e-02 5.516273902313491295e-02 8.899882390170357760e-02 1.391630050906249305e-01 2.086243139038362060e-01 2.935749836492916320e-01 3.772977541848971939e-01 4.242309255512298760e-01 3.629786124408695969e-01 0.000000000000000000e+00
