0.000000000000000000e+00 0.000000000000000000e+00 0.000000000000000000e+00 0.000000000000000000e+00 0.000000000000000000e+00 0.000000000000000000e+00 0.000000000000000000e+00 0.000000000000000000e+00 0.000000000000000000e+00 0.000000000000000000e+00 0.000000000000000000e+00 0.000000000000000000e+00 0.000000000000000000e+00 0.000000000000000000e+00 0.000000000000000000e+00 0.000000000000000000e+00 2.000000000000000000e+00
8.997078931752190039e-05 -8.997078931752190039e-05 -2.716783444143235169e-03 -5.504540011391449890e-03 -7.923738062412966771e-03 -9.809782623145956240e-03 -1.101537171069549327e-02 -1.141695636411617192e-02 -1.103651534763948339e-02 -1.021356530192468401e-02 -9.898194269340961776e-03 -1.211877375639678657e-02 -2.073072848098623383e-02 -4.074064000752392056e-02 -5.522541242840022652e-02 2.084408882933505847e-01 1.791559111706649388e+00
2.498658511588462521e-03 -2.498658511588462521e-03 -1.025341132782142672e-02 -1.807344126405606433e-02 -2.496523092948026851e-02 -3.041909155971124490e-02 -3.399885395245691444e-02 -3.530847321163108760e-02 -3.425190010875196062e-02 -3.142568179592093031e-02 -2.857132100667757885e-02 -2.901203616428643314e-02 -3.720080950696856570e-02 -5.110098666100452297e-02 -9.737671939968384205e-03 3.768182493206456152e-01 1.623181750679354440e+00
6.638489227322902711e-03 -6.638489227322902711e-03 -2.098480570376689072e-02 -3.459663087478823812e-02 -4.655316907965609957e-02 -5.613335821731896269e-02 -6.254407121381190537e-02 -6.496395887428942084e-02 -6.287690288624027402e-02 -5.667640715185420092e-02 -4.821217338850505157e-02 -4.087454349794389374e-02 -3.751947512923030359e-02 -2.703524113898283371e-02 7.120750412523176032e-02 4.944016375980337386e-01 1.505598362401966206e+00
1.157458094995223070e-02 -1.157458094995223070e-02 -3.306400708973582236e-02 -5.250269879530281014e-02 -6.947034591658296510e-02 -8.327207965879228346e-02 -9.274462554783075019e-02 -9.643093954411784130e-02 -9.305492992493012705e-02 -8.231749255751895367e-02 -6.566011813312999656e-02 -4.607795540867697798e-02 -2.471173682847462721e-02 1.526293682926967848e-02 1.554858363692317724e-01 5.801317227163966805e-01 1.419868277283603319e+00
1.651531050240344703e-02 -1.651531050240344703e-02 -4.476015275170108082e-02 -6.951604666360768070e-02 -9.115820010319233835e-02 -1.091747566824725763e-01 -1.220407774960764469e-01 -1.274269659371452534e-01 -1.229240710600472408e-01 -1.071381856927275805e-01 -8.079889123096400949e-02 -4.657108185637347242e-02 -4.676172483773043467e-03 6.374187630353095324e-02 2.333110584175358271e-01 6.456477481690984233e-01 1.354352251830901466e+00
2.074347656442850768e-02 -2.074347656442850768e-02 -5.444449338436475189e-02 -8.348942776096116014e-02 -1.092627003169507477e-01 -1.315145942378927735e-01 -1.483330327593332387e-01 -1.563313605510674997e-01 -1.515812347190401699e-01 -1.312065581564503813e-01 -9.499022847198913821e-02 -4.541704500625676905e-02 1.728917181888274535e-02 1.113830857806778762e-01 3.017961656308819074e-01 6.968468632980935329e-01 1.303153136701906467e+00
2.352419442316339496e-02 -2.352419442316339496e-02 -6.054033199489450984e-02 -9.239049496758114377e-02 -1.214931663827504976e-01 -1.479372590900708828e-01 -1.694141475399819630e-01 -1.813976396405863611e-01 -1.781606504677598346e-01 -1.549019238105610596e-01 -1.100852251768552892e-01 -4.594181576657193483e-02 3.663150182289609536e-02 1.535301110286812210e-01 3.593461554044177220e-01 7.362791363645215803e-01 1.263720863635478420e+00
2.416375926810516300e-02 -2.416375926810516300e-02 -6.168067107518184627e-02 -9.447426036986399100e-02 -1.257475864476111649e-01 -1.559900986587602345e-01 -1.826556569999904789e-01 -2.001938417221938715e-01 -2.010395250154129732e-01 -1.780576865800818642e-01 -1.277180072620395790e-01 -5.143907680485972078e-02 4.902698390672188822e-02 1.860225108118432891e-01 4.037953175686486706e-01 7.643143297070297271e-01 1.235685670292970162e+00
2.221511442733726041e-02 -2.221511442733726041e-02 -5.710514511985333858e-02 -8.866817878703785183e-02 -1.204352724289028120e-01 -1.533241411531022502e-01 -1.849593366704285480e-01 -2.092570862369997897e-01 -2.171559402045555864e-01 -1.990342532562439370e-01 -1.484698720168491082e-01 -6.480566078734624480e-02 5.001025084606719462e-02 2.041529559783719638e-01 4.316545068926468942e-01 7.796121055536804345e-01 1.220387894446319565e+00
1.776263653030161691e-02 -1.776263653030161691e-02 -4.712561613695345070e-02 -7.511367568541429951e-02 -1.050277722369082484e-01 -1.382502882600848693e-01 -1.731684949145702035e-01 -2.041321896861582885e-01 -2.215164984532650982e-01 -2.136380345174254125e-01 -1.705157834753520951e-01 -8.758075714560158154e-02 3.503385624903719575e-02 2.020387573758561650e-01 4.375745916561327165e-01 7.791853078706139080e-01 1.220814692129386092e+00
1.165164430992254863e-02 -1.165164430992254863e-02 -3.343489399357842118e-02 -5.566393938236371963e-02 -8.084588915519329289e-02 -1.108150509724938199e-01 -1.452860768767086086e-01 -1.803056669281624946e-01 -2.073557434461864579e-01 -2.141411267815008512e-01 -1.875156730487365642e-01 -1.175320041254158399e-01 7.773801523898197716e-04 1.723077509928995776e-01 4.136064698798876393e-01 7.578563370192830106e-01 1.242143662980716989e+00
5.444932042188647091e-03 -5.444932042188647091e-03 -1.901595533924006765e-02 -3.403007154201050100e-02 -5.181658841197930160e-02 -7.436689922164656241e-02 -1.028184107234815237e-01 -1.358794639664402115e-01 -1.682216217406936887e-01 -1.897003732941398568e-01 -1.864510432963559505e-01 -1.439038731295702866e-01 -4.963520766498293740e-02 1.078949001913685202e-01 3.472119341421439631e-01 7.061771785827259951e-01 1.293822821417274005e+00
9.383344354939255130e-04 -9.383344354939255130e-04 -7.373126951496782218e-03 -1.513194684894519741e-02 -2.444158041530856279e-02 -3.680395030641899629e-02 -5.389944273932508606e-02 -7.670758336645434883e-02 -1.042226582324109474e-01 -1.316914019215414677e-01 -1.492932849860987843e-01 -1.425374359476455355e-01 -9.421104005580463459e-02 1.585088133751245618e-02 2.209790756205303186e-01 6.004216689582936306e-01 1.399578331041706480e+00
-7.039407581282789176e-04 7.039407581282789176e-04 -1.042328522178626428e-03 -3.295865202902612066e-03 -5.839075755997332438e-03 -9.235387946308100740e-03 -1.432310468711990581e-02 -2.213054525917181395e-02 -3.383619344151977265e-02 -5.016452364288813415e-02 -6.946121269486774108e-02 -8.495101713123616449e-02 -8.372256950882446536e-02 -4.693277820736296152e-02 6.125215917877382954e-02 3.629786241189760232e-01 1.637021375881023921e+00
0.000000000000000000e+00 0.000000000000000000e+00 0.000000000000000000e+00 0.000000000000000000e+00 0.000000000000000000e+00 0.000000000000000000e+00 0.000000000000000000e+00 0.000000000000000000e+00 0.000000000000000000e+00 0.000000000000000000e+00 0.000000000000000000e+00 0.000000000000000000e+00 0.000000000000000000e+00 0.000000000000000000e+00 0.000000000000000000e+00 0.000000000000000000e+00 2.000000000000000000e+00
