0.000000000000000000e+00 6.355084869136575203e-04 -3.112360024033831562e-03 -1.304530711238895829e-02 -2.862803443094339567e-02 -4.744825079009613866e-02 -6.585668811425378355e-02 -8.000473939279893754e-02 -8.713306056153080625e-02 -8.640961033420124782e-02 -7.937093874482749334e-02 -6.950785435517228827e-02 -6.294595235614072748e-02 -6.296427273683997961e-02 -1.398047454041279891e-01 0.000000000000000000e+00
0.000000000000000000e+00 -6.355084869136575203e-04 3.112360024033831562e-03 1.304530711238895829e-02 2.862803443094339567e-02 4.744825079009613866e-02 6.585668811425378355e-02 8.000473939279893754e-02 8.713306056153080625e-02 8.640961033420124782e-02 7.937093874482749334e-02 6.950785435517228827e-02 6.294595235614072748e-02 6.296427273683997961e-02 1.398047454041279891e-01 0.000000000000000000e+00
0.000000000000000000e+00 2.086724931552166873e-03 1.249778137504723580e-02 3.254163958300260173e-02 6.060963673946273556e-02 9.305183629216644270e-02 1.250995000111829181e-01 1.519182589866668320e-01 1.697938631354754258e-01 1.767308229785500284e-01 1.728885829617545777e-01 1.602544980753431991e-01 1.443603805644789462e-01 1.321869359009498479e-01 1.037319279306435221e-01 0.000000000000000000e+00
0.000000000000000000e+00 4.876952952050813556e-03 2.114854120673714463e-02 4.810643970909306288e-02 8.277315482559056969e-02 1.209133852676297360e-01 1.575117177703872495e-01 1.878183939587612927e-01 2.084802312284320114e-01 2.177729670983369337e-01 2.152569931726099339e-01 2.014698567534318197e-01 1.771094899463758199e-01 1.456010225832382876e-01 8.258903966929825868e-02 0.000000000000000000e+00
0.000000000000000000e+00 7.654309579662113214e-03 2.918827238449024294e-02 6.122333377737113058e-02 9.966687634116985772e-02 1.400875610957831308e-01 1.773223517984365838e-01 2.067357584948403826e-01 2.255995431427226527e-01 2.329210282652958153e-01 2.283308802633765289e-01 2.118165808035427089e-01 1.821748232839002501e-01 1.401100680103625207e-01 7.194767794043306630e-02 0.000000000000000000e+00
0.000000000000000000e+00 1.032816788156881542e-02 3.519104724914963456e-02 6.876582497355641921e-02 1.071063672441520398e-01 1.461488726031497376e-01 1.807177235808697380e-01 2.064873932256033051e-01 2.216509602443081095e-01 2.260949648371372300e-01 2.196857201516830282e-01 2.020081153840427302e-01 1.715751480448511890e-01 1.284162913511192328e-01 6.416407401965154578e-02 0.000000000000000000e+00
0.000000000000000000e+00 1.193326939000346684e-02 3.600224169759882326e-02 6.594665155996835837e-02 9.953181102716786299e-02 1.333645710710535115e-01 1.623018248488398707e-01 1.825793673834137376e-01 1.935754521826277830e-01 1.961519144482428423e-01 1.904178424658271862e-01 1.753952015118871166e-01 1.494069673099543694e-01 1.118639644530162736e-01 5.554608603335949718e-02 0.000000000000000000e+00
0.000000000000000000e+00 1.089193358292417542e-02 2.867338066801278923e-02 4.988063674633298750e-02 7.469552737113230312e-02 1.003947764628742439e-01 1.220765040235433085e-01 1.365603368505576565e-01 1.442035500308856133e-01 1.466710104088979616e-01 1.442718529859842169e-01 1.355530797392746623e-01 1.185174076646631769e-01 9.167052241392907586e-02 4.675111397298942206e-02 0.000000000000000000e+00
0.000000000000000000e+00 6.020531691295643965e-03 1.260836469651157275e-02 2.132973059546241362e-02 3.452423559230188843e-02 5.046842692519528523e-02 6.508697244062802700e-02 7.537882494744331530e-02 8.166872410050576847e-02 8.586126079131714550e-02 8.849160717239362706e-02 8.813058764394376965e-02 8.253792618825270266e-02 6.838704898767944407e-02 3.565140508041833578e-02 0.000000000000000000e+00
0.000000000000000000e+00 -2.268785109321465668e-03 -9.649607992355944963e-03 -1.566852814736263699e-02 -1.617516896690109757e-02 -1.084570548414951277e-02 -2.072571541029970439e-03 6.780800370986997221e-03 1.440355868936000518e-02 2.193441367099657063e-02 3.025436885265926634e-02 3.879907977221139226e-02 4.558248459932551233e-02 4.546744385727161802e-02 2.627708939391838402e-02 0.000000000000000000e+00
0.000000000000000000e+00 -1.159353705404238787e-02 -3.295652139853217505e-02 -5.467949368338949345e-02 -7.088810912506961215e-02 -7.781308549846102651e-02 -7.485357245001565685e-02 -6.541532783135488305e-02 -5.371336246829094135e-02 -4.093221462800814697e-02 -2.632935378284862252e-02 -9.216283250006399724e-03 8.916648992536170548e-03 2.068766953746935949e-02 1.313140922131593100e-02 0.000000000000000000e+00
0.000000000000000000e+00 -1.817188796156734426e-02 -5.019940540531879491e-02 -8.683244886247100391e-02 -1.209004850359202826e-01 -1.441257031985480330e-01 -1.509034373002616225e-01 -1.425514702335980988e-01 -1.256734279675611465e-01 -1.051994535456587249e-01 -8.225931795276229808e-02 -5.614454847786838620e-02 -2.753600502936034977e-02 -3.581404553014721961e-03 2.936038021083170121e-03 0.000000000000000000e+00
0.000000000000000000e+00 -1.805289200132868810e-02 -5.314100869017279044e-02 -1.002461911023938557e-01 -1.528050346593182451e-01 -1.984740309430418348e-01 -2.246705587448420693e-01 -2.268114451275095589e-01 -2.105440749256808908e-01 -1.837538791901348056e-01 -1.507305693428697968e-01 -1.136554903485312296e-01 -7.541799951155682413e-02 -4.326005890274517429e-02 -2.263235452333877198e-02 0.000000000000000000e+00
0.000000000000000000e+00 -9.825808890746327504e-03 -3.609885845113247616e-02 -8.198760737770954821e-02 -1.464090377499072670e-01 -2.173217600241608427e-01 -2.755377990827177492e-01 -3.068544558604213157e-01 -3.106335063998049151e-01 -2.935970124704154194e-01 -2.607805565688254834e-01 -2.156607835592314892e-01 -1.621461576591523290e-01 -1.071333661881622018e-01 -5.642388584475013791e-02 0.000000000000000000e+00
0.000000000000000000e+00 1.339636769582136467e-03 -6.286675034297315237e-03 -3.134124315945394784e-02 -8.289377281654329577e-02 -1.618802337692456517e-01 -2.515050695638446077e-01 -3.289584013740032287e-01 -3.824494001555215905e-01 -4.110433232457640362e-01 -4.161689296001436222e-01 -3.986182162930960171e-01 -3.576372418803140940e-01 -2.880831230336516890e-01 -1.758381866714655850e-01 0.000000000000000000e+00
0.000000000000000000e+00 5.417308406190296695e-03 9.909706055253753726e-03 9.915807240104525244e-03 2.536348842539394490e-03 -2.141715462640439091e-02 -7.642989420486442920e-02 -1.636725219508687323e-01 -2.634952741207629012e-01 -3.560218624417543221e-01 -4.326999615064430205e-01 -4.896394938275040465e-01 -5.203895707739876197e-01 -5.052973124048806275e-01 -3.876362696108576755e-01 0.000000000000000000e+00
0.000000000000000000e+00 -5.417308406190296695e-03 -9.909706055253753726e-03 -9.915807240104525244e-03 -2.536348842539394490e-03 2.141715462640439091e-02 7.642989420486442920e-02 1.636725219508687323e-01 2.634952741207629012e-01 3.560218624417543221e-01 4.326999615064430205e-01 4.896394938275040465e-01 5.203895707739876197e-01 5.052973124048806275e-01 3.876362696108576755e-01 0.000000000000000000e+00
