0.000000000000000000e+00 0.000000000000000000e+00 0.000000000000000000e+00 0.000000000000000000e+00 0.000000000000000000e+00 0.000000000000000000e+00 0.000000000000000000e+00 0.000000000000000000e+00 0.000000000000000000e+00 0.000000000000000000e+00 0.000000000000000000e+00 0.000000000000000000e+00 0.000000000000000000e+00 0.000000000000000000e+00 0.000000000000000000e+00 0.000000000000000000e+00 2.000000000000000000e+00
-6.357094228369425783e-04 6.357094228369425783e-04 -3.750323066364497082e-03 -9.929755188660757334e-03 -1.558242219681103824e-02 -1.882192150209480511e-02 -1.840721994772443609e-02 -1.414948498790417029e-02 -7.128812962314574377e-03 7.249802683436238661e-04 7.038480273175038750e-03 9.863753812313169264e-03 6.561718835160844365e-03 -1.998874924250091268e-05 -7.684005487385860145e-02 1.398053071603474473e-01 1.860194692839652664e+00
1.448728696051650383e-03 -1.448728696051650383e-03 -1.416154416990406811e-02 -2.998045802145996030e-02 -4.364574557204868588e-02 -5.126346409489701550e-02 -5.045614035049046653e-02 -4.096472574621221746e-02 -2.500713369503957534e-02 -6.213588280298563797e-03 1.088171235181388877e-02 2.249663892247316666e-02 2.245850341475159884e-02 1.215486630282157712e-02 -4.838758456735838681e-02 2.435368922895038979e-01 1.756463107710496185e+00
6.329416952723115712e-03 -6.329416952723115712e-03 -3.042386838003939900e-02 -5.694136887128593838e-02 -7.831907685764699645e-02 -8.939902929000131948e-02 -8.705717757386606526e-02 -7.127010829115754120e-02 -4.566439061907037744e-02 -1.550971846242942161e-02 1.339770390390039069e-02 3.628283924509511510e-02 4.681606985422664957e-02 4.366721787619029516e-02 1.462595904566919847e-02 3.261247244055052175e-01 1.673875275594494783e+00
1.398664113660580410e-02 -1.398664113660580410e-02 -5.196013576576404697e-02 -8.896417938155286309e-02 -1.167684236414949506e-01 -1.298216899736033825e-01 -1.242899182746572684e-01 -1.006896922122937910e-01 -6.452383437563699586e-02 -2.282800087891339452e-02 1.798554657214324753e-02 5.279953376963381073e-02 7.645440645806665658e-02 8.572891257746759197e-02 8.279197755870923436e-02 3.980729944178231783e-01 1.601927005582176822e+00
2.430928595790635832e-02 -2.430928595790635832e-02 -7.683562102896618340e-02 -1.225358482949596567e-01 -1.551000870579951618e-01 -1.688695889321354948e-01 -1.588545989716059481e-01 -1.264618825368168664e-01 -7.969410432756819651e-02 -2.726672083706557781e-02 2.439502400800477519e-02 7.047787504164178263e-02 1.068910164004352320e-01 1.288828195149139544e-01 1.470422462684376486e-01 4.622385717156543561e-01 1.537761428284345699e+00
3.623907903457906227e-02 -3.623907903457906227e-02 -1.009020904101196464e-01 -1.524940913800987841e-01 -1.886786592055007261e-01 -2.027009719550618150e-01 -1.877932963576090797e-01 -1.467314570526060125e-01 -9.069628014512941261e-02 -2.984733445655586223e-02 3.013217625158731011e-02 8.549814487130930063e-02 1.328833368114474278e-01 1.664288725582892536e-01 2.033558583920633267e-01 5.177841678089485367e-01 1.482215832191051463e+00
4.713664445897304545e-02 -4.713664445897304545e-02 -1.186703170040646765e-01 -1.737054634635702699e-01 -2.135016459473808303e-01 -2.283947417501559773e-01 -2.094804680677095077e-01 -1.612116679079494130e-01 -9.833216330377927972e-02 -3.232084805029659946e-02 3.253082712048620262e-02 9.421589199122731850e-02 1.499158666286327379e-01 1.932812768213327537e-01 2.482767842335961983e-01 5.645337077037625440e-01 1.435466292296237345e+00
5.316106513516167392e-02 -5.316106513516167392e-02 -1.252590914668423316e-01 -1.824143619565826713e-01 -2.267033359850458563e-01 -2.443390317686406910e-01 -2.240981072868713508e-01 -1.715114201145909179e-01 -1.046156480930667959e-01 -3.650962671102334772e-02 2.989771122978833115e-02 9.457886619483332757e-02 1.555040922470211084e-01 2.074299063063752280e-01 2.810167061578141001e-01 6.001853929125769982e-01 1.399814607087423113e+00
5.088777915160899723e-02 -5.088777915160899723e-02 -1.178900431526335030e-01 -1.763901096366628785e-01 -2.261906111506061245e-01 -2.496736166327453432e-01 -2.328660887123813472e-01 -1.803685689430502836e-01 -1.122442457949556910e-01 -4.403511389129641934e-02 2.157787894936020329e-02 8.603556504071779854e-02 1.487230081103398660e-01 2.075397329836374816e-01 3.002061553831920637e-01 6.264638365004596698e-01 1.373536163499540219e+00
3.929038149011519071e-02 -3.929038149011519071e-02 -9.652791885660055859e-02 -1.546766835233360227e-01 -2.099751973999086918e-01 -2.427490846230209720e-01 -2.358259849637325267e-01 -1.898010979491544237e-01 -1.239517472842922019e-01 -5.681841269402346239e-02 6.976996612830471331e-03 6.892084625676229981e-02 1.305940006771179884e-01 1.957700593512918530e-01 3.077589066611229329e-01 6.395951420752117311e-01 1.360404857924788269e+00
2.112139301457672744e-02 -2.112139301457672744e-02 -6.449156246607380683e-02 -1.180488667215049414e-01 -1.759110607833644646e-01 -2.195200968439588174e-01 -2.290516999594327530e-01 -1.981497335233701751e-01 -1.408266042414478281e-01 -7.729642591934186846e-02 -1.596266283758849408e-02 4.280482028900436248e-02 1.019839834805399137e-01 1.718193338883136079e-01 3.012418057085484713e-01 6.425302559951329151e-01 1.357469744004867085e+00
3.071534386741878436e-03 -3.071534386741878436e-03 -2.940174342207283950e-02 -7.093787072877598410e-02 -1.233570272423607783e-01 -1.738507043453569600e-01 -2.028554554363697637e-01 -1.960117163370297122e-01 -1.570900006778231661e-01 -1.040860637037170355e-01 -4.898722262583045384e-02 5.730890288588247686e-03 6.374386262733322539e-02 1.396608420079677448e-01 2.806162875085225772e-01 6.198978773463721392e-01 1.380102122653627861e+00
-6.755601313559474359e-03 6.755601313559474359e-03 -3.133511370653386738e-03 -2.504567580857960940e-02 -5.893384062841500182e-02 -1.029397697222558805e-01 -1.446378065149036551e-01 -1.646973747115763609e-01 -1.533119842610084771e-01 -1.211202477619511969e-01 -8.180428157349697860e-02 -3.938811988203089892e-02 1.022985093467019581e-02 8.464598051181555782e-02 2.299068189087903613e-01 5.634744099652821969e-01 1.436525590034717803e+00
-5.417452380281025971e-03 5.417452380281025971e-03 4.491576062637282242e-03 6.843639913497830325e-06 -7.379358149434832488e-03 -2.395360516088106129e-02 -5.501246308017330999e-02 -8.724321489577141486e-02 -9.982278621590061352e-02 -9.252622979135113890e-02 -7.667824339656155452e-02 -5.693928126999987793e-02 -3.075003821995505107e-02 1.509190944574081809e-02 1.176610806600158488e-01 3.876362592700293153e-01 1.612363740729970685e+00
0.000000000000000000e+00 0.000000000000000000e+00 0.000000000000000000e+00 0.000000000000000000e+00 0.000000000000000000e+00 0.000000000000000000e+00 0.000000000000000000e+00 0.000000000000000000e+00 0.000000000000000000e+00 0.000000000000000000e+00 0.000000000000000000e+00 0.000000000000000000e+00 0.000000000000000000e+00 0.000000000000000000e+00 0.000000000000000000e+00 0.000000000000000000e+00 2.000000000000000000e+00
