0.000000000000000000e+00 0.000000000000000000e+00 0.000000000000000000e+00 0.000000000000000000e+00 0.000000000000000000e+00 0.000000000000000000e+00 0.000000000000000000e+00 0.000000000000000000e+00 0.000000000000000000e+00 0.000000000000000000e+00 0.000000000000000000e+00 0.000000000000000000e+00 0.000000000000000000e+00 0.000000000000000000e+00 0.000000000000000000e+00 0.000000000000000000e+00
0.000000000000000000e+00 6.701964062954090650e-04 2.537290814330971350e-03 3.827313470363746806e-03 3.893533717237713902e-03 3.815085288727259293e-03 2.220119898154491751e-03 7.595770088851125845e-04 -2.273468204286563637e-03 -4.711242564356772286e-03 -7.679860288104811000e-03 -8.739260947850231026e-03 -8.523234044551150287e-03 -6.047890787980923777e-03 -2.644052200281458119e-03 0.000000000000000000e+00
0.000000000000000000e+00 6.022450811871020437e-03 1.189571595466902207e-02 1.522112555753577998e-02 1.589474926112541611e-02 1.516394466253677409e-02 1.137441396033671455e-02 6.716481260871450150e-03 -9.194054036817500119e-04 -8.054758932705734231e-03 -1.550535986998874405e-02 -1.890501044934866579e-02 -1.821891396716547248e-02 -1.218603240457369168e-02 -3.641398840852716565e-03 0.000000000000000000e+00
0.000000000000000000e+00 1.418420633884182568e-02 2.494709574210275324e-02 3.084745328524206645e-02 3.113866616487185462e-02 2.900995778274886167e-02 2.081315781259784892e-02 1.126430065407396305e-02 -3.952547691776902086e-03 -1.796466880690063966e-02 -3.297691975756335964e-02 -4.049415037873219797e-02 -4.091025378149407837e-02 -3.038025073127857342e-02 -1.382333504800426285e-02 0.000000000000000000e+00
0.000000000000000000e+00 2.636659242641139350e-02 4.365433550221570896e-02 5.244175197505470537e-02 5.283616403347783652e-02 4.894876498814329513e-02 3.661613806575356872e-02 2.148657733462622579e-02 -1.540561645017009392e-03 -2.385771341662917822e-02 -4.781054926226449564e-02 -6.174664785137246731e-02 -6.477177451321579349e-02 -4.971914248647126000e-02 -2.317223064229943091e-02 0.000000000000000000e+00
0.000000000000000000e+00 4.106421737652719145e-02 6.520415940447309155e-02 7.715446676373299839e-02 7.645628453828060000e-02 7.067452824259640165e-02 5.280964448702472197e-02 3.178796627630912225e-02 -8.797851601199360889e-04 -3.278684076590852869e-02 -6.906750841289750753e-02 -9.252079315776072510e-02 -1.025483136114316851e-01 -8.408363634015909860e-02 -4.492199979774496449e-02 0.000000000000000000e+00
0.000000000000000000e+00 5.767050051814003042e-02 9.009317414236331367e-02 1.055563752421455059e-01 1.049850430419573544e-01 9.770777758381590794e-02 7.585955986318500266e-02 4.949698534800404254e-02 8.318931793030653193e-03 -3.369523107432705750e-02 -8.343077172125787366e-02 -1.197034763911282162e-01 -1.409554293815065418e-01 -1.219872042531698203e-01 -6.911245022026513141e-02 0.000000000000000000e+00
0.000000000000000000e+00 7.634296166288104257e-02 1.162789036905185203e-01 1.354295723160239828e-01 1.333495635806101476e-01 1.250766341201042242e-01 9.854383811641743984e-02 6.796220546774336957e-02 1.798313207956279969e-02 -3.359670434988505650e-02 -9.901155911487344308e-02 -1.508782795350641914e-01 -1.905680230996917024e-01 -1.769643945736957269e-01 -1.122669324253754014e-01 0.000000000000000000e+00
0.000000000000000000e+00 9.316377809732040438e-02 1.415346858996026636e-01 1.642535858774792634e-01 1.624364941362747838e-01 1.538223993505512255e-01 1.252316625235213865e-01 9.223454298227155845e-02 3.683266363806805832e-02 -2.217547513404818232e-02 -1.010546586854977474e-01 -1.694035088401080191e-01 -2.314914185924880907e-01 -2.310757594834058903e-01 -1.609350618999079996e-01 0.000000000000000000e+00
0.000000000000000000e+00 1.128581032044038979e-01 1.654525480869460385e-01 1.908469670651091188e-01 1.855446241553295184e-01 1.767732358418529215e-01 1.454613680898519390e-01 1.122332966340640475e-01 5.342774501233277934e-02 -9.130890711008149072e-03 -9.915277047185222514e-02 -1.820265279337191788e-01 -2.711988218339567158e-01 -2.930300590624555501e-01 -2.315327218845417701e-01 0.000000000000000000e+00
0.000000000000000000e+00 1.258271443380568344e-01 1.828757280114675643e-01 2.091618969342972922e-01 2.018658352511152332e-01 1.924540300760998468e-01 1.608510191394154354e-01 1.292786718012832181e-01 7.217566017847283633e-02 1.146895305308822180e-02 -8.136964432472865161e-02 -1.725015891826462422e-01 -2.839277276411460993e-01 -3.337121615816238673e-01 -2.961872607601950813e-01 0.000000000000000000e+00
0.000000000000000000e+00 1.493702736932436825e-01 1.952671237388886039e-01 2.185544418904526165e-01 2.016023822201540028e-01 1.907064562474014846e-01 1.581515902822339392e-01 1.301936193270755437e-01 7.843790033783883120e-02 2.534879495719807516e-02 -6.244633628266535452e-02 -1.522421037962621015e-01 -2.808408727671596328e-01 -3.596590753956626085e-01 -3.675874456903601706e-01 0.000000000000000000e+00
0.000000000000000000e+00 1.609795621739400773e-01 1.966358960373682241e-01 2.120955759039654664e-01 1.869242655103033335e-01 1.724608334083645167e-01 1.402842844834187586e-01 1.160584600580959191e-01 7.271067810350199945e-02 3.172301776565129849e-02 -4.037654737339850530e-02 -1.150839910708547631e-01 -2.395686969597924376e-01 -3.360522334037715497e-01 -3.903640804017950439e-01 0.000000000000000000e+00
0.000000000000000000e+00 2.019791920404707397e-01 1.726627285537951084e-01 1.728597413780570968e-01 1.361057310185256608e-01 1.217458417852162605e-01 9.561731910265088008e-02 7.859576187323125129e-02 4.936900472464519213e-02 2.343477240578491216e-02 -2.508653862632700959e-02 -7.452491638717896605e-02 -1.781314998778016356e-01 -2.759923585289921766e-01 -3.867371272162470897e-01 0.000000000000000000e+00
0.000000000000000000e+00 1.671097079460248658e-01 1.160934354650060979e-01 1.082287535524437821e-01 7.299469550065335044e-02 6.086727929829656436e-02 4.171977938882313885e-02 3.226450575445012625e-02 1.563224734060534096e-02 4.001767416408143901e-03 -2.180912510467686999e-02 -4.263432915725019756e-02 -9.907306141295275925e-02 -1.524154736501892038e-01 -2.378000927064690129e-01 0.000000000000000000e+00
0.000000000000000000e+00 0.000000000000000000e+00 0.000000000000000000e+00 0.000000000000000000e+00 0.000000000000000000e+00 0.000000000000000000e+00 0.000000000000000000e+00 0.000000000000000000e+00 0.000000000000000000e+00 0.000000000000000000e+00 0.000000000000000000e+00 0.000000000000000000e+00 0.000000000000000000e+00 0.000000000000000000e+00 0.000000000000000000e+00 0.000000000000000000e+00
