0.000000000000000000e+00 0.000000000000000000e+00 0.000000000000000000e+00 0.000000000000000000e+00 0.000000000000000000e+00 0.000000000000000000e+00 0.000000000000000000e+00 0.000000000000000000e+00 0.000000000000000000e+00 0.000000000000000000e+00 0.000000000000000000e+00 0.000000000000000000e+00 0.000000000000000000e+00 0.000000000000000000e+00 0.000000000000000000e+00 0.000000000000000000e+00
0.000000000000000000e+00 -2.099670078747495599e-03 -5.596421428432151596e-03 -1.356936133221564589e-02 -2.039155881927684488e-02 -2.903816647911347873e-02 -3.512962465053145328e-02 -3.998677063096418849e-02 -4.142037934090703893e-02 -3.864171971369294994e-02 -3.294006327642906573e-02 -2.271088301900322723e-02 -1.360965213431082621e-02 -4.066636341404336434e-03 -9.983330784355040882e-04 0.000000000000000000e+00
0.000000000000000000e+00 -5.273923605129006605e-03 -1.308798968619020314e-02 -2.725772254662921570e-02 -3.968215826278110453e-02 -5.407692747568030450e-02 -6.445116357064219204e-02 -7.224416311106095223e-02 -7.453016338541357255e-02 -7.013943706268142841e-02 -6.085117554763131570e-02 -4.441689428301229259e-02 -2.867087680063742927e-02 -1.160453271715503575e-02 -3.913219329496640808e-03 0.000000000000000000e+00
0.000000000000000000e+00 -8.047692540880630602e-03 -1.991813058555083268e-02 -3.938031851013629875e-02 -5.671279667273847191e-02 -7.589581748760806934e-02 -9.007175992862075098e-02 -1.007117489599955590e-01 -1.044161403017224016e-01 -9.966495323990573474e-02 -8.818763003140119017e-02 -6.693428492538601449e-02 -4.492058678628235713e-02 -1.995608388996395963e-02 -6.962180006614177193e-03 0.000000000000000000e+00
0.000000000000000000e+00 -1.116275740518886048e-02 -2.645400296372650562e-02 -5.099383654207197136e-02 -7.233506368542094722e-02 -9.588554858975634199e-02 -1.135737850286909628e-01 -1.274562503195278973e-01 -1.336717411941099609e-01 -1.301033787321973778e-01 -1.184240176864653354e-01 -9.358731470791899210e-02 -6.597197219837898363e-02 -3.152391684269809091e-02 -1.184329216496884767e-02 0.000000000000000000e+00
0.000000000000000000e+00 -1.303275407920980247e-02 -3.087791703481118297e-02 -5.904562781831695917e-02 -8.356660536325244415e-02 -1.107686196269321577e-01 -1.318997865236734568e-01 -1.495862742809491996e-01 -1.594845010122257212e-01 -1.590201482899221419e-01 -1.492214442455898904e-01 -1.229744607143050394e-01 -9.083922177867111147e-02 -4.636547325040945439e-02 -1.814587001604996142e-02 0.000000000000000000e+00
0.000000000000000000e+00 -1.572278078289740186e-02 -3.485276563944555983e-02 -6.637157507536427248e-02 -9.270195016626453510e-02 -1.228389823380598850e-01 -1.466782392513308331e-01 -1.681474236822199653e-01 -1.824267978913050037e-01 -1.865847331210209736e-01 -1.811914041734821179e-01 -1.562152245836395947e-01 -1.224085301114928859e-01 -6.777018700666082029e-02 -2.910248605295167115e-02 0.000000000000000000e+00
0.000000000000000000e+00 -1.618280789196913788e-02 -3.506732824371698587e-02 -6.719840018702231965e-02 -9.333864672398918538e-02 -1.242240093031927728e-01 -1.490274791477914362e-01 -1.731703861320005589e-01 -1.913393781145024120e-01 -2.012585282125212149e-01 -2.024336157100964928e-01 -1.832091907255877228e-01 -1.523081991784333289e-01 -9.224787352925874206e-02 -4.279435693131735524e-02 0.000000000000000000e+00
0.000000000000000000e+00 -1.928600716140968160e-02 -3.608921998929517233e-02 -6.803376007765116196e-02 -9.108075020445402514e-02 -1.198030070689479060e-01 -1.423515895148511345e-01 -1.662948366705291892e-01 -1.861970419385340636e-01 -2.013138738833287478e-01 -2.102373416984499310e-01 -2.007472092975427780e-01 -1.786636994223838315e-01 -1.196910692623943256e-01 -6.217273345639429127e-02 0.000000000000000000e+00
0.000000000000000000e+00 -1.924972790691926658e-02 -3.223748612153826132e-02 -6.016491975086554062e-02 -7.671997296551588685e-02 -9.916848872728975528e-02 -1.149258800469829256e-01 -1.343621814900922418e-01 -1.515443986695206580e-01 -1.692796218379959694e-01 -1.847633186184431675e-01 -1.885391772068771010e-01 -1.812398269975773468e-01 -1.356775045072928509e-01 -7.817809913773499098e-02 0.000000000000000000e+00
0.000000000000000000e+00 -2.839656181366779358e-02 -3.608632685310036309e-02 -5.778532235151351976e-02 -6.336801351709976660e-02 -7.341734585735883167e-02 -7.687554777084779078e-02 -8.568194004854692847e-02 -9.441028936534752447e-02 -1.102665583356540330e-01 -1.284644705749346805e-01 -1.465475223171190111e-01 -1.578234559399326054e-01 -1.364800714018774563e-01 -9.076907195083551427e-02 0.000000000000000000e+00
0.000000000000000000e+00 -3.301667668027483821e-02 -3.472661972310322337e-02 -4.635107241243591886e-02 -3.723455327686299443e-02 -3.098381275906940749e-02 -1.681571447625404211e-02 -9.991492562087840937e-03 -3.169956784138593716e-03 -1.010099728596910301e-02 -2.299852480971103022e-02 -5.066861451360973184e-02 -7.999065723403557537e-02 -9.460220829177599933e-02 -7.722517417239571635e-02 0.000000000000000000e+00
0.000000000000000000e+00 -6.176352437073620583e-02 -5.218314588648474694e-02 -3.873338297580494055e-02 -6.062727909512845639e-03 2.718892651037906061e-02 6.332349245527925385e-02 9.014874630515912202e-02 1.153468609168556563e-01 1.196431279312808738e-01 1.176863632010260313e-01 8.270880784496890958e-02 4.039465284781878357e-02 -1.957510431245142873e-02 -4.284662015346677594e-02 0.000000000000000000e+00
0.000000000000000000e+00 -4.146667036357182951e-02 -5.704401998783336855e-03 3.950150868937130078e-02 9.858811200206911429e-02 1.538567104687707521e-01 2.106072432865607746e-01 2.528467362348922332e-01 2.948266840473904860e-01 3.103506360686945076e-01 3.229734051755635549e-01 2.922086943155647321e-01 2.509492315605950097e-01 1.521385408247936666e-01 6.773794175202614565e-02 0.000000000000000000e+00
0.000000000000000000e+00 1.332217515957052067e-01 2.024049647366112925e-01 3.063102013701153314e-01 3.756903869806335061e-01 4.428415461291639876e-01 4.978617807257066374e-01 5.388843594444571172e-01 5.768829990053321310e-01 5.886788048957906083e-01 6.007432128236006585e-01 5.640177227524285630e-01 5.266437620714818912e-01 3.863116901844806383e-01 2.510768617215595189e-01 0.000000000000000000e+00
1.000000000000000000e+00 1.000000000000000000e+00 1.000000000000000000e+00 1.000000000000000000e+00 1.000000000000000000e+00 1.000000000000000000e+00 1.000000000000000000e+00 1.000000000000000000e+00 1.000000000000000000e+00 1.000000000000000000e+00 1.000000000000000000e+00 1.000000000000000000e+00 1.000000000000000000e+00 1.000000000000000000e+00 1.000000000000000000e+00 1.000000000000000000e+00
