0.000000000000000000e+00 0.000000000000000000e+00 0.000000000000000000e+00 0.000000000000000000e+00 0.000000000000000000e+00 0.000000000000000000e+00 0.000000000000000000e+00 0.000000000000000000e+00 0.000000000000000000e+00 0.000000000000000000e+00 0.000000000000000000e+00 0.000000000000000000e+00 0.000000000000000000e+00 0.000000000000000000e+00 0.000000000000000000e+00 0.000000000000000000e+00
0.000000000000000000e+00 -2.196976628653560856e-03 -4.841704575389940181e-03 -1.413822354542573420e-02 -2.313412463648181067e-02 -3.812883644810775852e-02 -5.207523928532849233e-02 -6.654583773837587091e-02 -7.579346908305498176e-02 -7.704177221560147559e-02 -7.085637871418937195e-02 -5.320742288692947852e-02 -3.461669241536927816e-02 -1.233852551452360377e-02 -6.547602033083625706e-03 0.000000000000000000e+00
0.000000000000000000e+00 -7.320404246010399525e-03 -1.670648074650505494e-02 -3.539391538613518434e-02 -5.369690328103597643e-02 -7.824292941497650034e-02 -9.920473326671838676e-02 -1.177771155813332193e-01 -1.278068515083077561e-01 -1.269581585344593533e-01 -1.175298334839681713e-01 -9.311182639631357394e-02 -6.744402791038078826e-02 -3.098479462892854766e-02 -1.635403708052350635e-02 0.000000000000000000e+00
0.000000000000000000e+00 -1.199569924409353734e-02 -2.766440482745848722e-02 -5.345373312453077785e-02 -7.801192957571796704e-02 -1.076546870375247184e-01 -1.315631356282385422e-01 -1.520132112239799271e-01 -1.631321132308929667e-01 -1.635958190360682352e-01 -1.553765743583957748e-01 -1.303896193985569218e-01 -1.020364457094692506e-01 -5.442831078149001911e-02 -2.794932225563953598e-02 0.000000000000000000e+00
0.000000000000000000e+00 -1.717132047619625290e-02 -3.748393684612800342e-02 -6.894526434343294097e-02 -9.644139661769270122e-02 -1.286337547577525164e-01 -1.533110192526164206e-01 -1.751868772056045243e-01 -1.879059418443349283e-01 -1.912793898811465665e-01 -1.866484272083298035e-01 -1.648322835044729040e-01 -1.377343774177628155e-01 -8.418471640532838862e-02 -4.351455749417387775e-02 0.000000000000000000e+00
0.000000000000000000e+00 -1.848855712120459072e-02 -4.024273114682330038e-02 -7.269758685593658010e-02 -9.952357741707341943e-02 -1.309241428158906817e-01 -1.540905887333630098e-01 -1.759763773242170593e-01 -1.892739849445012057e-01 -1.961711739161825785e-01 -1.962469167338055376e-01 -1.823176551293107794e-01 -1.609624524611246443e-01 -1.113651134945537469e-01 -5.927450005185120468e-02 0.000000000000000000e+00
0.000000000000000000e+00 -1.945042395249119496e-02 -3.884708663047190674e-02 -7.084272934970174684e-02 -9.373145510518228474e-02 -1.223201194962260790e-01 -1.409006701940307693e-01 -1.604178204569529365e-01 -1.713299895943753703e-01 -1.799936434978064437e-01 -1.835017845769287559e-01 -1.785562111257201490e-01 -1.662792104148195504e-01 -1.271183327435760069e-01 -7.327544902385871306e-02 0.000000000000000000e+00
0.000000000000000000e+00 -1.509370987793876712e-02 -2.929154959190241256e-02 -5.593405447934262503e-02 -7.168444995175245193e-02 -9.369365912673210950e-02 -1.047291424557960093e-01 -1.191628281705993525e-01 -1.256651551623641505e-01 -1.348286475280735808e-01 -1.410647926330149682e-01 -1.463443774512027673e-01 -1.456255244409702665e-01 -1.233335738498254064e-01 -7.716465747377068696e-02 0.000000000000000000e+00
0.000000000000000000e+00 -1.395064134065179297e-02 -1.949155351833840866e-02 -4.079251117279820982e-02 -4.709798050565649347e-02 -6.182334297898863656e-02 -6.416248312012316768e-02 -7.338929945214425765e-02 -7.464090865163806876e-02 -8.371270558353567648e-02 -9.010770157944802961e-02 -1.032400089476817329e-01 -1.120920879700081224e-01 -1.063562200635595062e-01 -7.353867614636509786e-02 0.000000000000000000e+00
0.000000000000000000e+00 -7.528352758816984382e-03 -4.157768715320303045e-03 -1.738562972714908367e-02 -1.349560684965116046e-02 -1.979498317308766089e-02 -1.289710841255962796e-02 -1.646421493200623740e-02 -1.239457487276658838e-02 -2.077703359286327267e-02 -2.681062089853346320e-02 -4.666583026892882208e-02 -6.393304609290811902e-02 -7.664948764112812507e-02 -5.821922918753721227e-02 0.000000000000000000e+00
0.000000000000000000e+00 -1.315944041049599451e-02 1.302475373074055143e-03 -4.309510979985956870e-03 1.075178221801281406e-02 1.379727343800841825e-02 2.930897287184593830e-02 3.069205951565204954e-02 3.905555162512772821e-02 2.916983484067996873e-02 2.460811620084410803e-02 -1.055884195760154604e-03 -2.046499215588041057e-02 -4.843847151433733345e-02 -4.141010804489005798e-02 0.000000000000000000e+00
0.000000000000000000e+00 -1.139157194815191600e-02 1.132663139540450795e-02 1.255268078878328530e-02 3.857604219581600019e-02 4.981254556015913409e-02 7.537379850278948246e-02 8.198722535510068188e-02 9.682210721625818250e-02 8.813731013252353030e-02 8.756496354600662446e-02 6.145711532296405100e-02 4.334495300155944558e-02 7.568434380668425570e-04 -4.799711856633133260e-03 0.000000000000000000e+00
0.000000000000000000e+00 -3.618513826706763054e-02 -6.587243254795217481e-03 1.039163630508179587e-02 4.580013719095129415e-02 7.112565116907734741e-02 1.055934199007702995e-01 1.186188761261634250e-01 1.410730029491714388e-01 1.323607933344057019e-01 1.394972233344252965e-01 1.097602805236517487e-01 1.025520401609806842e-01 4.622052799428744835e-02 3.356571221775004471e-02 0.000000000000000000e+00
0.000000000000000000e+00 -6.855889363366701739e-02 -1.740510088074216297e-02 5.707689041293813152e-03 6.649906050067756758e-02 9.801207176298049051e-02 1.555319105647638145e-01 1.745512451823427735e-01 2.193844147189582261e-01 2.190170900597601111e-01 2.485046435870121584e-01 2.295361984419515278e-01 2.402825134037441246e-01 1.830787731416958775e-01 1.340558359592828319e-01 0.000000000000000000e+00
0.000000000000000000e+00 7.286045750292878542e-02 1.239510511944143384e-01 1.829208303125753332e-01 2.499999232326941545e-01 2.903463815205568066e-01 3.523857346459833284e-01 3.766008441249772409e-01 4.263109046809958058e-01 4.300819997209787138e-01 4.633481129983090252e-01 4.374627315426797836e-01 4.429183069152607954e-01 3.477642330708486940e-01 2.525326673537376942e-01 0.000000000000000000e+00
1.000000000000000000e+00 1.000000000000000000e+00 1.000000000000000000e+00 1.000000000000000000e+00 1.000000000000000000e+00 1.000000000000000000e+00 1.000000000000000000e+00 1.000000000000000000e+00 1.000000000000000000e+00 1.000000000000000000e+00 1.000000000000000000e+00 1.000000000000000000e+00 1.000000000000000000e+00 1.000000000000000000e+00 1.000000000000000000e+00 1.000000000000000000e+00
