0.000000000000000000e+00 0.000000000000000000e+00 0.000000000000000000e+00 0.000000000000000000e+00 0.000000000000000000e+00 0.000000000000000000e+00 0.000000000000000000e+00 0.000000000000000000e+00 0.000000000000000000e+00 0.000000000000000000e+00 0.000000000000000000e+00 0.000000000000000000e+00 0.000000000000000000e+00 0.000000000000000000e+00 0.000000000000000000e+00 0.000000000000000000e+00
0.000000000000000000e+00 -2.254201114227644218e-03 -9.862128758434060300e-04 1.054989163679992403e-03 2.828302224078798905e-03 5.732396920541394693e-03 6.498303085080103965e-03 6.652940956269960335e-03 2.134025073424976934e-03 -3.484445902530405089e-03 -1.163670327114941019e-02 -1.660509841366107631e-02 -1.791995255742056051e-02 -1.184565737248585021e-02 -5.298066659661978400e-03 0.000000000000000000e+00
0.000000000000000000e+00 6.040371058474934204e-03 1.313993639735832296e-02 1.949114572414507862e-02 2.518938483854668911e-02 3.013994929587747451e-02 2.961589704712309229e-02 2.491720380811187144e-02 1.169498329558692554e-02 -3.737960367376485810e-03 -2.263513589339123319e-02 -3.504040597453623312e-02 -3.966954377556881212e-02 -2.686970001067290684e-02 -1.113908602106939739e-02 0.000000000000000000e+00
0.000000000000000000e+00 1.565095329410203656e-02 2.828599625207896609e-02 3.924414367568619666e-02 4.687609276294329302e-02 5.243906370340538359e-02 4.723138554967069858e-02 3.645403151783311452e-02 1.251411471848387635e-02 -1.256233790758543717e-02 -4.428382519726042216e-02 -6.549162832847435500e-02 -7.884763455268807564e-02 -6.173626149626063736e-02 -3.508342450691617764e-02 0.000000000000000000e+00
0.000000000000000000e+00 3.490345996583297389e-02 5.579667949708628366e-02 7.103741308076949590e-02 8.058912633649796542e-02 8.489000340886784790e-02 7.517333014316196493e-02 5.768516612092289969e-02 2.447665099066513930e-02 -1.029436146114274218e-02 -5.464211369843420540e-02 -8.718124843282661074e-02 -1.144314913787743831e-01 -9.975742474803736548e-02 -6.436794722555500003e-02 0.000000000000000000e+00
0.000000000000000000e+00 5.433357706957427091e-02 8.125865288718131518e-02 9.940034876037048828e-02 1.077633738490348797e-01 1.105075367985571266e-01 9.498341970095365572e-02 7.224793914120566929e-02 2.980568711110840804e-02 -1.262071822854901430e-02 -6.953171278998646065e-02 -1.132063962878116642e-01 -1.582958417388191097e-01 -1.547566824583522793e-01 -1.180686888318090710e-01 0.000000000000000000e+00
0.000000000000000000e+00 7.634490041214073153e-02 1.112044451679472523e-01 1.315170275576451608e-01 1.400144986000873559e-01 1.406558907950720971e-01 1.214245047398032490e-01 9.406757286431621790e-02 4.587053187741633314e-02 -2.122276667900835530e-03 -6.729639760382274960e-02 -1.212664185072254014e-01 -1.841846592191312693e-01 -2.002459627741000336e-01 -1.745335907480816129e-01 0.000000000000000000e+00
0.000000000000000000e+00 9.437938028673673041e-02 1.338497025164364640e-01 1.554834936597668804e-01 1.604395906990947474e-01 1.588756371799286693e-01 1.342800706436410585e-01 1.038762737111844220e-01 5.058059577273665147e-02 7.502232962554794072e-04 -6.976992072248765220e-02 -1.292296915767005006e-01 -2.085343612591016582e-01 -2.465610423637345505e-01 -2.439875611842581560e-01 0.000000000000000000e+00
0.000000000000000000e+00 1.068352012788288813e-01 1.532435703048850573e-01 1.751087403053746550e-01 1.789729702554101465e-01 1.748995066822613687e-01 1.480926641332393212e-01 1.162026342605009810e-01 6.273546654731311512e-02 1.447652733908388022e-02 -5.458143079180604457e-02 -1.155064038060907294e-01 -2.059961059712854536e-01 -2.675074331445143061e-01 -2.966677105385387425e-01 0.000000000000000000e+00
0.000000000000000000e+00 1.150696986613466560e-01 1.618903679350380820e-01 1.842887477558714238e-01 1.826693073720589977e-01 1.771390785305081150e-01 1.470450334977529139e-01 1.155537580875582865e-01 6.210312325456651683e-02 1.741618108521657271e-02 -4.904338945338808375e-02 -1.060460392665503043e-01 -2.042188176048089499e-01 -2.839150887761801023e-01 -3.491443599663538455e-01 0.000000000000000000e+00
0.000000000000000000e+00 1.121917757222730544e-01 1.642996856415324114e-01 1.856454473194946164e-01 1.825812550570647119e-01 1.754999895963928191e-01 1.459609467815520534e-01 1.168991972086577263e-01 6.824743973546154585e-02 3.009176351759268453e-02 -2.749339132819233686e-02 -7.718470624214746056e-02 -1.748131225616480489e-01 -2.720218992515626155e-01 -3.721177983232998310e-01 0.000000000000000000e+00
0.000000000000000000e+00 1.149660450112823668e-01 1.542392950810513030e-01 1.760383280392362748e-01 1.657614771196548598e-01 1.597808913586332424e-01 1.313493225074590376e-01 1.070062978308146812e-01 6.482452147385903141e-02 3.306282213176178764e-02 -1.761842020257907079e-02 -5.977365695206252744e-02 -1.556369136031818534e-01 -2.617706407047184491e-01 -3.963834562626236679e-01 0.000000000000000000e+00
0.000000000000000000e+00 1.020640054205486785e-01 1.415543289819989337e-01 1.595949625989457610e-01 1.465203883237205518e-01 1.399012790980307952e-01 1.149853869518763227e-01 9.665004828919621094e-02 6.329656541809457193e-02 4.054814499136523420e-02 3.860737107876610575e-04 -3.176540698419628994e-02 -1.129135374599664204e-01 -2.226779113959026779e-01 -3.701616006884659305e-01 0.000000000000000000e+00
0.000000000000000000e+00 1.227521605537827271e-01 1.088614325178527131e-01 1.248498918095378024e-01 1.062264846911117194e-01 1.011866834721683595e-01 8.505525052596060731e-02 7.272591114163406978e-02 5.228185018808251261e-02 3.583787560345313289e-02 6.181391078443172586e-03 -2.162915987688210709e-02 -9.089783585976488056e-02 -1.915849829506589552e-01 -3.489635759061043840e-01 0.000000000000000000e+00
0.000000000000000000e+00 1.206680114069196424e-01 6.848668267902588425e-02 7.688976857078579086e-02 5.541505479067741075e-02 5.206753402775562284e-02 3.964539987831616069e-02 3.399677258795892609e-02 2.002999576726142636e-02 1.262721492120562859e-02 -8.933721999524033355e-03 -2.234395254817582790e-02 -6.525679654165472687e-02 -1.152519118248570146e-01 -1.858834956126962645e-01 0.000000000000000000e+00
0.000000000000000000e+00 0.000000000000000000e+00 0.000000000000000000e+00 0.000000000000000000e+00 0.000000000000000000e+00 0.000000000000000000e+00 0.000000000000000000e+00 0.000000000000000000e+00 0.000000000000000000e+00 0.000000000000000000e+00 0.000000000000000000e+00 0.000000000000000000e+00 0.000000000000000000e+00 0.000000000000000000e+00 0.000000000000000000e+00 0.000000000000000000e+00
